				
					3
 				       333
				      33333
				       333
					3
					1
				       111
				      11111
				     1111111
				    111111111
				   11111111111
				  1111111111111
					1
				       111
				      11111
				     1111111
				    111111111
				   11111111111
				  1115111111111
				 111111111111111
                                11111111111511111
                               1111111111111111111
			      115111111111111111111
			     11111111111111111111111
			        	1
			               111
			     	      11111
				     1111111
				    111111111
				   11111111111
				  1111111111111
				 111111111111111
                                11111111111111111
                               1111111111111111111
			      111115111111111111111
			     11111111111111111111111
			    1111111111111111111111111
                           111111111111111111111111111
                          11111111111111111111111111111
                         1111111111111111151111111111111
                        111111111111111111111111111111111
                       11115111111111111111111111111111111
                      1111111111111111111111111111511111111
		     111111111111111111111111111111111111111
 				      22222
				      22222
				      22222
				      22222
				      22222
				      22222
					

				